14116016
15184954
15185719
15196363
15312514
15389742
15389755
15496967
15498852
15824138
16060448
16374490
16374492
17071111
17693211
18290793
18740563
18783337
19212346
19281341
19383700
19743077
20003949
20149950
20149951
20178205
21040885
21430117
21633089
21860652
22343788
22454345
22454429
22455077
22859352
23259616
23259719
23463220
23463282
23721355
23839340
24009705
24012561
24012565
24646021
24646038
24773740
24776420
25349804
26679701
26963797
27101322
27171250
27171274
27171282
27171284
27199430
27199483
28146021
28287445
28287649
28289324
28415623
28619228
28664704
29328804
29331562
29734132
29738681
30155240
30496022
30496219
3387535
5600122007
5600122008
5600308703
5600388592
5600439433
5600589866
5600589867
5600591506
5600592057
5700022489
5700089640
5700111619
5700111748
5700337309
5700431109
5700899491
5701534602
5800123852
5800123949
5800727234
5800955969
5801403531
5801403763
5900325145
5900326029
5900558879
5900558950
5900668662
5900683936
5900940912
5900940928
5901032200
5901032225
5901032226
5901032558
5901215014
5901365414
5901366975
5901366985
6000069411
6000069440
6000312538
6000312594
6000427301
6000427302
6001012058
6001012063
6001012082
6001012083
6001012084
6001012085
6001013574
6001014404
6001018646
6001242182
6001245628
6001246110
6001247410
6001247515
6001248555
6001249022
6001249030
6001249032
6088881
6100329036
6100329047
6100460153
6100582893
6101006684
6101006686
6200393197
6200393679
6200393745
6200502832
6200503131
6200503907
6200504424
6200505160
6200505169
6200505380
6200505487
6200505560
6200505562
6200571298
6200575255
6200606346
6200606606
6200607045
6200607666
6200607948
6200608637
6200608721
6200609066
6200867093
6201066519
6201066561
6201200840
6201201822
6201202185
6201202244
6201202245
6201202439
6201203130
6201336669
6300218571
6300218584
6300219044
6300259366
6300483186
6300483363
6300862590
6301018326
6400119392
6400119393
6400119452
6500149412
6600341676
6600341700
6602691064
6602691318
6602786839
6700028647
6700028648
6700254392
6700336806
6700596479
6700596495
6800133115
6800133125
6800135122
6800135196
6801238357
7643975
7643980
7643981
7643983
7643989
7643994
7643998
7644002
7644003
7644009
7644010
7644014
7644015
7644017
7644019
7644020
7644021
7644022
7644023
7644024
7644028
7644030
7644037
7644038
7644039
7644049
7644051
7644055
7644057
7644066
7644073
7644074
7644075
7644076
7644090
7951246
9685804
9696559
B499382
B505013
C032886
C624501
C693976
D496373
D598094
D598933
E054109
E054664
TR38-001529
