18251478
18633544
18997599
20501458
21681608
21682168
21682182
22535694
23203320
23207134
23350823
23502943
23627462
23627579
24273100
24273244
24429816
24430096
24642689
24671868
26674006
26674518
26809083
27238602
28337817
28377904
28464478
28474076
28618884
28618920
28665000
28837534
28837549
28837659
28839985
29927423
30421464
30421507
5600166001
5600166227
5600166239
5600166473
5600167111
5600386944
5600389325
5600389334
5600389335
5600614687
5700019468
5700086296
5700212395
5700787191
5700850323
5800296223
5800395144
5800400569
5800401547
5801399062
5900942582
5901168686
5901168688
5901168689
5901282506
6000137953
6000138041
6000138042
6000138044
6000138519
6000305393
6000416346
6000429367
6001508044
6001508344
6001508345
6001508362
6001510797
6001511235
6001511392
6001511785
6001511786
6001511787
6001511789
6001512116
6001532966
6001533532
6001533533
6001533534
6001533535
6001533536
6001533537
6001533538
6001533539
6001536005
6078292
6078326
6100503498
6100503966
6100503967
6100503975
6100503976
6100503977
6100504040
6100504041
6100505945
6100509351
6100798306
6101205267
6101205289
6101205905
6101348629
6200200347
6200200687
6200200823
6200200888
6200579192
6201195936
6201195938
6201230781
6201231004
6300330558
6300473080
6300865319
6301042046
6400020279
6500000454
6500102202
6500102208
6500251648
6500730360
6500730485
6600537792
6600598893
6602788279
6602811374
6602811549
6602862137
6700030521
6700031021
6700031239
6700099836
6700099934
6700537898
6700537953
6700597629
6800333861
6800333862
6800941402
6801583556
6801583692
TR60-010741
